Rank	Name			Team	GP	PPG	3PMPG	3PAPG	3PM	3PA	3P%	2PM	2PA	2P%	PPS	ADJ-FG%	
1	Jayson Tatum, SF	BOS	44	13.9	1.4	3	61	133	.459	148	286	.517	1.46	.572
2	Klay Thompson, SG	GS	44	20.5	3.3	7	145	322	.450	208	403	.516	1.25	.587
3 	Nikola Mirotic, PF	CHI	19	17.3	2.8	6	54	120	.450	59	116	.509	1.39	.593
4	E'Twaun Moore, SG	NO	42	13.1	1.8	4	74	165	.448	153	261	.586	1.29	.620
5 	Marvin Williams, PF	CHA	42	9.7	1.6	4	69	154	.448	72	137	.526	1.40	.603
6	George Hill, PG		SAC	36	10.2	1.3	3	48	109	.440	81	173	.468	1.30	.543
7	Kyle Korver, SG		CLE	43	9.7	2.4	5	102	235	.434	38	70	.543	1.37	.626
8	Trey Lyles, PF		DEN	38	10.7	1.3	3	51	118	.432	98	172	.570	1.40	.602
9 	Darren Collison, PG	IND	43	12.6	1.3	3	54	125	.432	146	273	.535	1.36	.570
10 	Tobias Harris, SF	DET	42	18.2	2.5	6	104	241	.432	177	368	.481	1.26	.547
11	Paul George, SF		OKC	41	20.6	3.1	7	127	295	.431	161	372	.433	1.27	.527
12	Buddy Hield, SG		SAC	41	12.4	2.0	5	82	191	.429	112	254	.441	1.14	.528
13	Courtney Lee, SG	NY	44	13.3	1.7	4	73	171	.427	147	313	.470	1.21	.530
14 	Otto Porter Jr., SF	WSH	40	13.9	1.7	4	67	157	.427	153	294	.520	1.23	.562
15	Darius Miller, SF	NO	42	7.6	1.8	4	75	176	.426	30	56	.536	1.38	.614
16	Davis Bertans, SF	SA	41	5.8	1.3	3	53	126	.421	29	53	.547	1.32	.606
17	Al Horford, PF		BOS	40	13.4	1.4	3	55	131	.420	162	287	.564	1.28	.585
18	CJ McCollum, SG		POR	42	21.5	2.4	6	101	241	.419	243	527	.461	1.18	.514
19 	Joe Ingles, SF		UTAH	43	9.3	2.2	5	95	227	.419	49	107	.458	1.20	.573
20	Victor Oladipo, SG	IND	39	24.3	2.6	6	102	245	.416	239	452	.529	1.36	.562
21 	Lou Williams, SG	LAC	42	23.3	3.0	7	126	303	.416	186	386	.482	1.42	.544
22 	Karl-Anthony Towns, C	MIN	45	20.2	1.5	4	69	166	.416	270	462	.584	1.45	.595
23	Kelly Olynyk, C		MIA	43	10.6	1.3	3	54	130	.415	110	195	.564	1.40	.588
24 	Dirk Nowitzki, PF	DAL	44	12.3	1.7	4	73	176	.415	132	266	.496	1.23	.546
25 	Doug McDermott, SF	NY	44	8.2	1.2	3	51	123	.415	86	167	.515	1.25	.560
26	Tony Snell, SG		MIL	38	7.9	1.5	4	58	140	.414	48	87	.552	1.32	.595
27 	Stephen Curry, PG	GS	30	27.6	4.1	10	122	295	.414	138	232	.595	1.57	.609
28	Kevin Durant, SF	GS	37	26.4	2.6	6	95	230	.413	257	455	.565	1.43	.583
29	Kevin Love, PF		CLE	42	19.2	2.3	6	98	239	.410	161	320	.503	1.44	.551
30	Troy Daniels, SG	PHX	44	8.3	2.1	5	93	228	.408	26	57	.456	1.27	.581
31	Tyreke Evans, SG	MEM	41	19.6	2.2	5	89	219	.406	207	415	.499	1.27	.537
32 	Yogi Ferrell, PG	DAL	44	10.2	1.7	4	73	180	.406	90	185	.486	1.23	.547
33	Wayne Ellington, SG	MIA	43	10.8	2.9	7	126	311	.405	27	56	.482	1.27	.589
34 	Austin Rivers, PG	LAC	32	15.8	2.5	6	81	200	.405	102	238	.429	1.16	.510
35 	JJ Redick, SG		PHI	36	17.3	2.7	7	98	242	.405	112	227	.493	1.33	.552
36	Taurean Prince, SF	ATL	43	12.6	1.8	4	78	193	.404	124	275	.451	1.15	.515
37	Avery Bradley, SG	DET	35	15.7	2.0	5	70	174	.402	139	331	.420	1.09	.483
38	Danny Green, SG		SA	34	8.8	1.8	5	61	153	.399	52	118	.441	1.10	.530
39	Bryn Forbes, SG		SA	45	7.5	1.3	3	58	146	.397	74	161	.460	1.09	.524
40	Anthony Tolliver, PF	DET	39	7.0	1.6	4	64	162	.395	21	38	.553	1.36	.585
41	Denzel Valentine, SF	CHI	44	9.7	1.8	5	80	203	.394	84	185	.454	1.10	.526
42	Ersan Ilyasova, PF	ATL	32	11.3	1.5	4	48	122	.393	85	172	.494	1.23	.534
43 	Al-Farouq Aminu, PF	POR	30	9.6	1.9	5	57	145	.393	48	109	.440	1.13	.526
44	Kelly Oubre Jr., SF	WSH	44	11.8	1.6	4	69	176	.392	107	224	.478	1.30	.526
45 	Marco Belinelli, SG	ATL	42	11.7	1.9	5	78	199	.392	89	198	.449	1.24	.519
46	Nick Young, SG		GS	43	6.7	1.4	4	61	156	.391	42	75	.560	1.24	.578
47 	D.J. Augustin, PG	ORL	36	8.1	1.2	3	43	110	.391	45	98	.459	1.39	.526
48 	Kent Bazemore, SG	ATL	43	12.5	1.6	4	68	174	.391	114	265	.430	1.23	.492
49 	Jaylen Brown, SG	BOS	39	14.2	1.7	4	68	174	.391	137	267	.513	1.26	.542
50	James Harden, PG	HOU	35	32.3	4.1	11	145	372	.390	189	369	.512	1.53	.549
51	Evan Fournier, SF	ORL	35	17.6	2.1	5	74	190	.389	149	296	.503	1.27	.535
52 	Kyrie Irving, PG	BOS	42	24.0	2.5	7	107	275	.389	263	501	.525	1.30	.546
53 	Bogdan Bogdanovic, SG	SAC	40	11.1	1.4	4	56	144	.389	111	206	.539	1.27	.557
54	Kyle Lowry, PG		TOR	39	16.2	2.9	7	113	291	.388	85	183	.464	1.33	.537
55	Justin Holiday, SG	CHI	43	13.8	2.5	6	108	279	.387	88	227	.388	1.17	.494
56 	Devin Booker, SG	PHX	34	24.6	2.6	7	89	230	.387	191	406	.470	1.32	.510
57	Wesley Matthews, SG	DAL	44	12.3	2.3	6	102	264	.386	89	202	.441	1.16	.519
58	Robert Covington, SF	PHI	38	13.6	2.8	7	106	275	.385	69	145	.476	1.23	.543
59 	Bojan Bogdanovic, SF	IND	43	13.5	1.9	5	80	208	.385	132	241	.548	1.29	.561
60 	Kristaps Porzingis, PF	NY	38	23.7	1.8	5	70	182	.385	251	557	.451	1.22	.482
61	Joe Harris, SG		BKN	42	10.0	1.9	5	78	203	.384	75	124	.605	1.29	.587
62 	Trevor Ariza, SF	HOU	40	12.4	2.8	7	111	289	.384	56	105	.533	1.25	.565
63 	Rodney Hood, SG		UTAH	34	16.4	2.7	7	91	237	.384	107	253	.423	1.14	.497
64	Gary Harris, SG		DEN	39	16.9	2.2	6	87	227	.383	168	289	.581	1.28	.578
65	Malcolm Brogdon, PG	MIL	42	13.4	1.3	4	56	147	.381	166	314	.529	1.22	.542
66	CJ Miles, SF		TOR	35	9.9	2.4	6	83	220	.377	29	69	.420	1.19	.531
67 	J.J. Barea, PG		DAL	44	11.8	1.7	5	75	199	.377	115	239	.481	1.18	.519
68	Patty Mills, PG		SA	45	9.2	1.7	4	76	202	.376	67	145	.462	1.20	.522
69 	LeBron James, SF	CLE	43	27.3	1.8	5	79	210	.376	369	595	.620	1.46	.606
70 	Chris Paul, PG		HOU	25	18.6	2.6	7	65	173	.376	95	178	.534	1.33	.548
71	Lauri Markkanen, PF	CHI	41	15.5	2.5	7	101	269	.375	127	261	.487	1.20	.525
72 	Kyle Kuzma, PF		LAL	42	16.8	2.0	5	84	224	.375	181	352	.514	1.22	.533
73	Aaron Gordon, PF	ORL	34	18.8	2.1	6	73	195	.374	156	298	.523	1.29	.539
74 	Fred VanVleet, PG	TOR	42	6.9	1.0	3	43	115	.374	63	148	.426	1.11	.485
75	Terry Rozier, PG	BOS	44	9.3	1.6	4	70	188	.372	79	185	.427	1.10	.493
76 	Jerryd Bayless, PG	PHI	34	8.5	1.5	4	51	137	.372	50	104	.481	1.20	.525
77 	Pat Connaughton, SG	POR	43	6.6	1.1	3	48	129	.372	56	98	.571	1.24	.564
78 	Ryan Anderson, PF	HOU	41	10.4	2.2	6	90	242	.372	56	100	.560	1.25	.558
79	Dragan Bender, PF	PHX	44	5.8	1.4	4	62	167	.371	26	72	.361	1.06	.498
80	Will Barton, SG		DEN	42	14.4	1.8	5	77	208	.370	146	303	.482	1.18	.512
81	OG Anunoby, SF		TOR	42	6.4	1.1	3	47	127	.370	49	82	.598	1.28	.572
82	Jeff Teague, PG		MIN	34	13.4	1.3	4	45	122	.369	122	252	.484	1.22	.507
83	Langston Galloway, SG	DET	34	6.4	1.4	4	48	131	.366	27	64	.422	1.12	.508
84	Serge Ibaka, PF		TOR	37	13.7	1.5	4	55	151	.364	147	263	.559	1.22	.554
85	Dario Saric, PF		PHI	39	13.5	1.8	5	70	193	.363	122	249	.490	1.19	.514
86	Josh Richardson, SF	MIA	43	12.7	1.7	5	71	196	.362	135	253	.534	1.22	.538
87	Allen Crabbe, SG	BKN	40	11.8	2.4	7	97	269	.361	58	138	.420	1.16	.500
88	Frank Kaminsky, PF	CHA	39	10.8	1.2	3	47	131	.359	109	235	.464	1.15	.490
89	Goran Dragic, PG	MIA	40	17.3	1.5	4	61	171	.357	197	418	.471	1.18	.490
90 	Bradley Beal, SG	WSH	44	23.7	2.3	7	102	286	.357	279	545	.512	1.25	.520
91	DeMarcus Cousins, C	NO	42	25.5	2.2	6	93	261	.356	269	502	.536	1.41	.535
92 	Garrett Temple, SG	SAC	42	7.6	1.3	4	53	149	.356	65	157	.414	1.05	.472
93	Carmelo Anthony, PF	OKC	43	17.4	2.1	6	92	259	.355	187	414	.452	1.11	.483
94 	Tyler Johnson, SG	MIA	40	12.1	1.7	5	66	186	.355	107	218	.491	1.20	.510
95 	Marreese Speights, PF	ORL	34	7.4	1.6	5	55	155	.355	31	77	.403	1.09	.489
96 	Jimmy Butler, SG	MIN	43	21.5	1.2	3	50	141	.355	263	519	.507	1.40	.512
97	Caris LeVert, SG	BKN	42	12.1	1.2	4	52	147	.354	137	293	.468	1.15	.489
98	Kentavious Caldwell, SG	LAL	37	13.8	2.1	6	77	218	.353	101	212	.476	1.18	.503
99 	Jamal Murray, PG	DEN	43	15.6	1.8	5	77	218	.353	165	333	.495	1.22	.509
100	Harrison Barnes, SF	DAL	44	18.7	1.4	4	60	171	.351	250	511	.489	1.21	.499
101	DeMar DeRozan, SG	TOR	42	25.4	1.1	3	48	137	.350	325	639	.509	1.37	.512
102	Donovan Mitchell, SG	UTAH	41	18.9	2.3	7	94	269	.349	192	381	.504	1.19	.512
103	Jeremy Lamb, SG		CHA	41	14.0	1.1	3	47	135	.348	159	326	.488	1.25	.498
104 	JR Smith, SG		CLE	42	7.6	1.7	5	71	204	.348	43	98	.439	1.06	.495
105	Damian Lillard, PG	POR	36	24.8	2.8	8	100	288	.347	190	394	.482	1.31	.499
106	John Wall, PG		WSH	33	19.9	1.3	4	44	127	.346	186	419	.444	1.20	.462
107	Kemba Walker, PG	CHA	40	21.7	2.4	7	97	281	.345	196	409	.479	1.26	.495
108	Quincy Acy, SF		BKN	39	6.1	1.4	4	55	160	.344	16	46	.348	1.15	.478
109	Nikola Vucevic, C	ORL	34	17.4	1.4	4	48	140	.343	200	365	.548	1.17	.539
110 	Spencer Dinwiddie, PG	BKN	43	13.2	2.0	6	85	248	.343	102	229	.445	1.19	.481
111	Nikola Jokic, C		DEN	36	15.8	1.2	4	43	126	.341	166	308	.539	1.31	.531
112	Khris Middleton, SF	MIL	43	19.9	1.9	6	81	238	.340	228	440	.518	1.26	.515
113	Reggie Jackson, PG	DET	33	14.6	1.3	4	42	124	.339	139	282	.493	1.19	.498
114	Eric Gordon, SG		HOU	40	19.7	3.2	10	129	383	.337	131	240	.546	1.26	.521
115 	DeMarre Carroll, SF	BKN	39	12.7	1.7	5	66	196	.337	99	215	.460	1.20	.482
116	Wilson Chandler, SF	DEN	39	9.6	1.1	3	43	128	.336	93	199	.467	1.14	.482
117 	PJ Tucker, SF		HOU	42	5.4	1.1	3	45	134	.336	31	66	.470	1.14	.493
118	Jamal Crawford, SG	MIN	45	9.7	1.2	4	54	161	.335	106	224	.473	1.14	.486
119	Jrue Holiday, PG	NO	42	18.4	1.7	5	70	210	.333	234	406	.576	1.25	.550
120	Blake Griffin, PF	LAC	27	22.4	1.9	6	50	151	.331	152	317	.479	1.29	.485
121	Marc Gasol, C		MEM	42	18.4	1.4	4	58	176	.330	208	460	.452	1.22	.464
122	Dennis Smith Jr., PG	DAL	36	14.3	1.6	5	56	170	.329	142	332	.428	1.02	.450
123	Jordan Clarkson, PG	LAL	43	13.7	1.2	4	53	162	.327	179	363	.493	1.12	.492
124	Eric Bledsoe, PG	MIL	36	17.7	1.6	5	57	175	.326	170	321	.530	1.29	.515
125	Andrew Wiggins, SF	MIN	45	17.7	1.4	4	62	193	.321	244	512	.477	1.13	.478
126	Brook Lopez, C		LAL	35	12.1	1.4	4	48	151	.318	110	213	.516	1.16	.500
127 	Tim Hardaway Jr., SF	NY	23	18.0	2.3	7	54	170	.318	93	177	.525	1.20	.501
128	Russell Westbrook, PG	OKC	44	25.0	1.4	4	61	197	.310	347	735	.472	1.18	.470
129	Dion Waiters, SG	MIA	30	14.3	1.7	6	52	170	.306	111	240	.463	1.05	.461
130	Draymond Green, PF	GS	39	11.1	1.2	4	46	151	.305	108	188	.574	1.27	.522
131	Lonzo Ball, PG		LAL	36	10.2	1.6	5	59	195	.303	83	204	.407	0.92	.430
132	Jae Crowder, PF		CLE	43	8.4	1.1	4	48	159	.302	76	153	.497	1.15	.474
133	Dennis Schroder, PG	ATL	40	20.3	1.1	4	44	148	.297	273	562	.486	1.14	.477
134	Ricky Rubio, PG		UTAH	42	11.2	1.0	4	44	149	.295	121	274	.442	1.12	.442
135	Marcus Smart, PG	BOS	42	9.8	1.3	4	55	188	.293	86	219	.393	1.01	.414

